98
-986720080081067966 1561971768798888406
-957699587172343089 299802128806762497
-938146633735720222 647306334325640425
-930281283897793295 694205117115975229
-921284597041605018 450901519954755295
-913357435663788473 930603206272153631
-860374909929691053 1096049306691240394
-846758063949547212 1822201843245960458
-845916686501711186 1417589557341707307
-804496112529134721 1040828719299524372
-783739245635759569 1962094715619465817
-774043082477830584 1139542950339625518
-767944189119693018 103086017488589384
-757979606601444597 1073052207975206971
-757292684374724131 201639158640627173
-755171495256435306 79923450985839001
-735779427551024536 1083246476414855690
-711662799007543243 1795441512637654750
-706102368282485585 1375912055195089927
-678153741460450241 504614015295629260
-668779418514651179 777250298374164198
-654045731949302050 130002294583654584
-619325716017545025 228347728727537918
-612038465637287878 1185937184833498078
-583134742864062038 200084465178793025
-580459039695116064 1771442926601656455
-578589171342284886 52855005326456423
-568394844684467760 1882336189965985746
-512486000301851292 593457760374770152
-505457953309625507 623781554140844710
-500234054942784057 412207390320464044
-499948789948964765 1133091842339430927
-464843487913114898 239008047247413758
-461393671271201936 1395157577979597690
-451261601006528503 835313217335129228
-380722119473713427 1720527950536534507
-373930158145072427 927377338121393722
-372646921381950696 512966835986827115
-344270309640034739 1367974475545362990
-322681169455361692 1083668018617294853
-257299675526063486 757369307999424578
-255963082337455804 322575543115808860
-192732197768642330 932417506379832414
-189093330169712143 1467576674265445745
-179385426891104623 1934660001182652160
-154701072886915790 372126540095326201
-107601265737113975 1188992871968890626
-88244674562078717 1021480593654511750
-67600804353089160 362496538313120811
-59932672885603238 1220819247931156074
-34963710311450193 1329477139198969051
-20129804093936362 313345219437080558
1092080498638189 233166357999484935
10872143985421631 1418135743710974978
13392557501966923 684342746262007236
30264085341477236 1624346689677172979
39513739613494298 611005292510660638
64210518490832607 102130307770298560
79293579166123732 1911254870910019113
85356097287987892 1701076764765118480
96034778798386722 539990018763445753
106835093970268119 134458927186990900
128452613688468832 1530923856200322405
166612872805103397 1516835477850164311
166776659874629042 1731757131801340325
195885327285519238 1160211346496653258
206594183599508547 1125006306463905189
243856390098794152 670920823493808878
256331972622418430 1082967654903372532
264980109828435472 1828228398241068868
266854362400589072 1133047430304855874
295188873624405467 1944656978443258478
314921131206458251 610235362808694855
338163865771267078 442438268471570242
344499119226620085 497956997290145147
390126991135786927 941184220491737834
401809139860207263 1270813548248910900
456207265993531783 1494685310209847401
477272520168502988 647736011906191392
520330430655700172 976098740019647109
592579583885724309 869993600676653890
647390828788624974 387739642116689010
682029209897537046 1023209652576394045
691703984874709007 756797652230176908
711164492523640427 1134911119784986886
713283146552187734 746786267967319279
719808278777873194 814385759551747509
720709453545143677 1115692636681908457
723095638700201729 1839584044976959926
749143070287527602 83281892519812350
762585693039347872 1387537208536165661
784969789707591063 391816143606586562
875961503153819617 315830129214611210
888744692922951234 1667599291270204924
891688170824583094 160985657685221044
898145383416176982 1257920167735218583
922307180379645099 639094781185470479
961226943044205245 614765121020647811
